223 207 300

L1 1 1 96.5 68.6 89.0 79.9 71.5 94.3
L2 1 2 80.5 63.9 79.7 87.9 97.2 53.1
L3 1 3 94.2 83.9 41.2 67.3 64.0 54.5
L4 1 4 59.1 53.3 82.5 49.1 84.0 92.7
L5 1 5 62.3 97.4 76.2 53.4 74.8 55.6
L6 1 6 53.3 81.3 97.2 74.2 44.6 84.1
L7 1 7 74.7 72.0 50.3 58.6 60.6 64.9
L8 1 8 70.0 63.5 69.8 67.3 41.4 92.7
L9 1 9 56.0 91.9 40.4 58.8 88.9 76.6
L10 1 10 63.4 50.2 66.9 79.4 85.1 73.8
L11 1 11 48.3 87.5 48.1 45.2 86.7 44.5
L12 1 12 73.0 47.4 97.0 69.7 84.3 65.8
L13 1 13 85.7 96.0 87.6 51.8 92.6 57.8
L14 1 14 75.3 85.3 55.3 78.2 82.7 50.5
L15 1 15 53.4 41.6 69.6 50.9 79.9 56.5
L16 1 16 91.3 68.1 46.5 56.6 91.5 98.8
L17 1 17 74.0 72.4 68.7 41.8 54.3 63.4
L18 1 18 62.9 85.9 84.1 51.8 94.0 57.5
L19 1 19 57.8 69.8 79.0 94.4 41.8 97.4
L20 1 20 84.0 95.1 63.4 64.1 52.9 72.0
L21 1 21 73.8 59.7 75.8 93.2 89.6 72.7
L22 2 1 69.5 41.4 80.4 76.5 79.8 70.8
L23 2 2 70.2 54.4 68.9 56.6 85.5 74.7
L24 2 3 79.8 50.1 60.0 56.3 86.8 81.7
L25 2 4 84.4 87.8 71.0 87.1 64.2 54.7
L26 2 5 42.6 54.6 90.0 64.4 84.4 54.3
L27 2 6 86.9 77.3 79.5 86.3 59.0 94.2
L28 2 7 86.2 91.2 94.7 68.9 60.9 97.1
L29 2 8 98.2 43.0 78.6 48.8 57.7 89.4
L30 2 9 72.8 48.3 65.7 75.3 99.2 40.2
L31 2 10 47.2 87.9 59.1 48.1 94.6 88.6
L32 2 11 62.5 62.8 68.6 46.3 58.0 83.4
L33 2 12 57.8 70.3 56.7 68.7 52.7 84.9
L34 2 13 65.5 54.9 80.8 41.9 79.2 95.7
L35 2 14 67.5 46.8 93.2 93.5 89.3 75.6
L36 2 15 85.5 63.3 84.9 81.3 45.9 97.5
L37 2 16 94.3 70.2 80.8 92.6 79.4 66.4
L38 2 17 56.9 71.2 82.6 50.6 79.1 86.3
L39 2 18 57.0 66.4 61.9 47.0 79.8 65.6
L40 2 19 63.0 81.8 66.4 78.3 77.4 80.3
L41 2 20 68.7 43.8 66.9 62.2 87.5 61.4
L42 2 21 81.0 72.2 99.6 47.0 46.5 78.9
L43 3 1 44.2 100.0 86.3 90.2 55.3 51.3
L44 3 2 79.3 83.0 95.9 51.7 97.6 87.9
L45 3 3 53.5 42.1 40.5 42.8 50.7 71.4
L46 3 4 63.3 71.5 87.3 70.1 98.3 40.5
L47 3 5 87.5 87.8 99.8 99.6 53.7 49.9
L48 3 6 56.6 43.6 79.1 72.7 69.8 89.7
L49 3 7 59.4 83.3 61.2 80.5 78.7 62.1
L50 3 8 55.1 91.1 67.0 90.1 92.3 96.6
L51 3 9 90.7 88.1 86.1 92.2 98.3 81.0
L52 3 10 99.8 96.1 82.5 98.4 54.1 69.6
L53 3 11 54.0 55.3 57.8 60.8 85.8 75.3
L54 3 12 86.9 68.9 87.4 63.0 86.2 70.1
L55 3 13 53.3 68.0 93.8 88.0 63.7 54.7
L56 3 14 70.8 48.9 63.3 53.6 84.0 82.4
L57 3 15 76.6 41.1 88.5 98.0 40.5 69.2
L58 3 16 76.4 89.8 46.0 89.3 65.8 100.0
L59 3 17 58.4 56.1 40.4 87.4 95.7 47.8
L60 3 18 86.7 54.6 69.7 81.6 43.5 61.6
L61 3 19 50.8 46.6 88.6 87.6 44.2 58.7
L62 3 20 57.2 57.2 94.7 43.3 91.3 76.1
L63 3 21 55.8 48.3 79.1 61.9 86.0 40.0
L64 4 1 72.0 53.5 88.6 83.2 85.2 71.6
L65 4 2 98.4 64.2 52.8 97.7 80.5 79.6
L66 4 3 98.3 68.4 85.3 90.8 41.5 77.2
L67 4 4 40.8 98.4 92.0 82.3 63.6 93.2
L68 4 5 40.4 42.2 97.7 63.7 80.7 56.4
L69 4 6 62.3 81.8 62.9 82.6 95.7 83.3
L70 4 7 85.3 52.0 82.5 77.7 97.5 88.2
L71 4 8 51.9 56.2 93.3 96.1 73.1 53.3
L72 4 9 87.6 70.3 88.3 70.1 77.9 40.7
L73 4 10 50.0 42.2 75.4 45.2 48.7 81.8
L74 4 11 43.0 60.9 74.7 89.7 41.4 65.1
L75 4 12 62.1 72.4 72.3 61.6 98.6 63.7
L76 4 13 81.4 74.7 63.9 44.5 41.5 58.2
L77 4 14 52.8 83.3 93.9 49.4 93.4 70.1
L78 4 15 78.7 57.2 86.6 50.6 44.2 66.9
L79 4 16 60.1 74.1 89.5 49.7 86.7 61.3
L80 4 17 60.3 46.3 53.2 65.8 89.1 41.2
L81 4 18 53.2 87.2 85.8 84.5 53.6 68.8
L82 4 19 90.1 87.6 81.0 70.1 43.0 83.7
L83 4 20 60.2 97.7 41.2 65.0 88.9 69.3
L84 4 21 77.8 64.4 45.6 77.1 93.1 52.9
L85 5 1 81.1 52.3 99.1 73.7 52.6 86.6
L86 5 2 59.9 92.6 77.2 86.3 78.5 41.6
L87 5 3 51.6 83.9 61.0 68.9 88.4 55.5
L88 5 4 60.6 66.6 97.7 47.2 98.9 92.2
L89 5 5 88.6 62.4 91.7 74.1 59.8 83.7
L90 5 6 52.9 67.9 60.9 74.4 53.0 59.5
L91 5 7 70.2 45.7 45.3 88.3 86.8 42.8
L92 5 8 48.3 97.7 81.0 65.1 88.4 70.4
L93 5 9 45.6 69.7 86.0 57.9 65.9 64.0
L94 5 10 53.7 92.9 81.1 43.3 54.7 80.7
L95 5 11 59.9 46.3 87.8 74.8 70.6 69.2
L96 5 12 71.1 66.4 68.8 64.0 91.6 69.7
L97 5 13 85.3 87.0 54.4 95.7 43.2 71.0
L98 5 14 70.1 64.6 92.1 56.6 53.3 97.6
L99 5 15 73.4 90.0 65.7 49.2 56.8 42.7
L100 5 16 42.6 94.8 49.5 40.4 61.9 56.3
L101 5 17 79.0 40.3 73.6 88.1 88.8 88.5
L102 5 18 84.1 97.7 78.2 63.6 68.7 97.5
L103 5 19 75.1 44.3 89.3 81.2 96.7 63.1
L104 5 20 70.8 72.9 75.6 40.9 91.1 65.4
L105 5 21 77.1 61.3 70.7 68.0 47.8 84.5
L106 6 1 78.0 78.6 98.4 69.2 81.8 99.5
L107 6 2 78.1 42.6 82.5 48.3 44.6 52.5
L108 6 3 60.7 85.7 49.3 40.9 56.5 63.2
L109 6 4 47.8 40.7 76.5 87.2 90.0 94.5
L110 6 5 95.3 47.7 77.2 46.9 99.6 40.4
L111 6 6 61.4 90.2 41.4 46.3 40.0 90.0
L112 6 7 63.8 73.3 81.8 54.3 79.5 88.4
L113 6 8 97.3 70.8 78.1 53.7 45.0 44.6
L114 6 9 85.9 72.0 69.2 51.9 71.6 71.1
L115 6 10 54.6 88.4 76.5 95.1 91.3 91.8
L116 6 11 42.9 55.3 81.5 82.3 92.1 66.6
L117 6 12 56.6 44.4 97.0 82.4 94.1 60.0
L118 6 13 59.2 95.0 84.1 56.2 45.7 71.7
L119 6 14 97.4 95.3 48.0 92.9 74.9 79.9
L120 6 15 98.9 88.2 100.0 50.1 75.4 81.1
L121 6 16 51.6 51.5 46.2 46.5 79.1 70.4
L122 6 17 74.5 82.8 55.4 76.6 46.8 50.1
L123 6 18 61.2 91.1 57.7 66.2 71.1 50.8
L124 6 19 47.4 54.9 95.5 47.9 85.9 74.3
L125 6 20 69.6 66.8 63.1 85.1 89.4 75.1
L126 6 21 42.1 83.1 54.2 42.1 95.7 91.1
L127 7 1 97.9 90.5 40.9 91.7 96.5 65.3
L128 7 2 92.1 41.8 71.5 48.6 81.5 76.0
L129 7 3 78.7 92.1 61.4 92.7 50.7 75.0
L130 7 4 59.8 81.3 95.7 40.2 47.2 50.6
L131 7 5 84.2 79.8 81.0 83.6 86.0 41.1
L132 7 6 71.0 65.1 90.3 55.7 89.8 97.8
L133 7 7 40.7 89.1 57.0 83.3 42.0 77.3
L134 7 8 73.8 49.0 86.7 97.0 77.8 83.5
L135 7 9 42.9 75.6 88.7 44.6 75.3 81.8
L136 7 10 58.9 50.8 82.1 71.8 73.7 51.1
L137 7 11 70.4 66.7 70.9 66.4 98.4 53.3
L138 7 12 78.1 77.4 46.0 82.4 65.3 56.8
L139 7 13 49.1 95.6 79.8 83.4 61.8 44.4
L140 7 14 43.0 89.3 54.9 55.5 96.9 47.6
L141 7 15 65.3 50.9 52.0 88.7 61.2 41.8
L142 7 16 63.0 42.4 65.3 65.1 47.0 68.9
L143 7 17 61.1 63.0 81.0 70.8 72.8 67.5
L144 7 18 97.4 91.8 85.5 93.9 94.5 51.8
L145 7 19 95.2 72.1 68.1 70.3 67.8 46.0
L146 7 20 91.1 75.3 52.0 86.6 94.3 81.4
L147 7 21 68.5 78.9 92.0 46.4 46.3 53.5
L148 8 1 71.6 65.7 71.6 85.7 54.5 99.3
L149 8 2 70.2 49.9 53.1 45.1 41.9 86.5
L150 8 3 56.6 53.5 59.9 51.2 82.4 59.5
L151 8 4 69.4 91.7 54.9 86.9 67.2 77.9
L152 8 5 68.6 52.8 52.1 59.7 88.9 53.4
L153 8 6 60.7 85.3 55.2 45.7 97.8 94.7
L154 8 7 97.5 43.6 87.0 62.0 80.8 55.8
L155 8 8 70.0 79.7 64.3 48.3 86.2 89.1
L156 8 9 89.5 94.5 56.1 88.0 78.1 91.8
L157 8 10 76.9 59.8 52.9 77.3 66.7 65.9
L158 8 11 54.9 77.0 89.3 88.1 85.9 60.9
L159 8 12 56.9 91.6 94.5 47.2 71.1 78.8
L160 8 13 84.2 96.5 82.4 54.6 52.8 87.7
L161 8 14 57.0 92.3 99.0 70.1 84.9 43.5
L162 8 15 74.8 78.3 52.0 95.5 91.6 98.2
L163 8 16 62.9 46.5 85.7 81.6 93.7 86.8
L164 8 17 76.3 54.1 40.3 69.2 78.7 72.1
L165 8 18 60.5 69.0 75.5 50.7 42.1 64.3
L166 8 19 56.4 49.6 65.0 55.6 73.3 46.2
L167 8 20 51.2 75.5 97.5 71.3 55.6 87.5
L168 8 21 96.4 49.4 78.3 82.8 50.3 62.4
L169 9 1 72.5 50.6 61.3 47.7 61.6 76.4
L170 9 2 70.2 45.4 65.0 46.2 92.3 78.7
L171 9 3 77.5 86.9 61.4 99.9 58.5 70.8
L172 9 4 85.5 85.2 62.3 43.3 95.1 46.0
L173 9 5 63.8 53.6 59.3 74.8 91.7 71.4
L174 9 6 70.7 85.4 86.2 80.3 97.6 72.9
L175 9 7 93.9 50.0 99.6 40.2 76.7 65.8
L176 9 8 98.6 72.7 73.8 76.7 91.3 81.5
L177 9 9 80.6 76.2 52.9 50.4 96.3 96.0
L178 9 10 94.8 90.3 50.7 95.5 73.0 81.2
L179 9 11 86.9 63.7 46.3 51.9 59.9 61.2
L180 9 12 58.8 44.1 81.4 59.7 68.5 47.6
L181 9 13 76.3 43.9 79.9 72.4 42.0 66.0
L182 9 14 45.8 94.7 84.4 84.5 90.3 95.2
L183 9 15 84.7 73.1 76.3 81.8 65.2 79.5
L184 9 16 47.8 64.0 69.6 70.8 71.4 50.2
L185 9 17 70.1 61.7 72.4 42.8 63.8 93.2
L186 9 18 54.7 81.3 50.0 88.9 54.3 40.6
L187 9 19 69.9 97.7 73.8 47.5 54.0 92.0
L188 9 20 69.8 49.4 57.9 58.8 95.9 99.2
L189 9 21 61.9 43.2 43.6 55.6 79.7 40.8
L190 10 1 89.5 82.8 74.5 89.3 65.0 71.3
L191 10 2 46.2 60.7 79.0 62.0 96.7 49.3
L192 10 3 50.4 80.3 99.2 91.1 85.4 77.1
L193 10 4 85.9 42.0 86.5 99.7 51.7 88.5
L194 10 5 65.2 96.4 51.2 54.7 51.6 98.7
L195 10 6 86.6 67.4 61.6 71.7 53.7 47.9
L196 10 7 84.7 59.8 44.6 47.8 70.6 58.6
L197 10 8 66.1 68.0 69.5 63.3 67.1 72.2
L198 10 9 63.6 43.0 61.4 89.5 61.8 87.9
L199 10 10 53.3 40.9 88.2 72.1 77.2 82.4
L200 10 11 60.5 42.4 61.3 46.9 96.4 77.9
L201 10 12 83.7 90.4 73.6 58.7 49.7 96.6
L202 10 13 87.6 62.6 89.7 84.6 68.4 91.3
L203 10 14 68.6 43.6 63.1 88.3 52.4 84.0
L204 10 15 72.8 44.3 81.3 94.6 54.4 93.9
L205 10 16 54.9 53.8 48.4 98.9 40.0 98.3
L206 10 17 65.5 99.8 45.0 87.6 83.8 94.6
L207 10 18 49.3 74.7 80.9 41.6 81.7 90.7
L208 10 19 48.9 91.5 67.5 92.2 58.4 65.6
L209 10 20 91.6 59.8 96.6 80.7 95.2 90.1
L210 10 21 90.9 75.0 80.2 69.1 73.3 67.3
L211 11 1 90.3 54.4 50.3 65.1 94.0 80.0
L212 11 2 65.7 52.6 87.1 99.4 90.6 76.1
L213 11 3 55.2 86.7 72.3 48.5 79.6 96.6
L214 11 4 53.1 70.2 94.9 95.7 87.4 88.1
L215 11 5 41.6 56.7 56.0 83.4 47.6 57.4
L216 11 6 93.1 66.9 70.3 86.5 88.4 48.2
L217 11 7 86.5 43.9 47.6 91.2 59.1 84.9
L218 11 8 79.3 42.7 61.1 56.7 71.6 58.3
L219 11 9 67.0 44.0 56.9 82.1 67.0 45.8
L220 11 10 58.6 55.2 58.9 57.0 72.9 62.6
L221 11 11 78.8 88.3 88.4 76.2 48.2 41.0
L222 11 12 77.5 55.5 42.8 43.3 67.7 41.8
L223 11 13 63.0 55.3 72.4 76.8 97.6 56.6

M1 1 1 100.0 60.7 85.3 75.0 73.4 85.0 95.1
M2 1 2 75.8 75.1 98.0 42.7 47.5 96.1 41.1
M3 1 3 81.4 55.7 91.6 49.8 97.9 51.6 83.1
M4 1 4 85.3 67.5 79.7 49.8 88.3 58.8 79.9
M5 1 5 87.2 76.9 40.6 60.6 63.7 80.9 75.7
M6 1 6 87.0 97.2 68.1 40.3 82.1 48.5 51.0
M7 1 7 95.2 74.3 75.8 42.7 43.2 67.8 87.3
M8 1 8 85.7 40.0 61.4 82.3 62.7 63.7 60.8
M9 1 9 57.4 58.8 54.2 53.7 71.4 65.7 68.6
M10 1 10 94.8 74.5 80.7 90.4 56.1 95.6 69.8
M11 1 11 41.9 41.6 77.7 45.7 57.5 52.1 61.1
M12 1 12 43.1 52.5 77.3 42.8 86.0 51.2 66.7
M13 1 13 87.7 63.1 92.4 75.2 46.6 68.7 69.5
M14 1 14 75.7 89.2 61.1 53.8 61.6 94.7 98.2
M15 1 15 54.3 78.8 63.2 93.9 65.3 49.5 60.1
M16 1 16 99.0 57.8 81.1 77.5 86.7 83.7 73.9
M17 1 17 78.1 43.6 72.1 74.6 92.2 43.7 43.9
M18 1 18 81.7 92.1 57.5 85.8 76.0 64.3 42.7
M19 1 19 61.2 96.9 98.6 72.0 55.2 92.8 62.7
M20 2 1 98.2 48.3 82.3 54.5 63.3 77.9 64.2
M21 2 2 85.7 94.3 50.0 54.6 97.6 61.1 80.8
M22 2 3 58.7 49.1 70.6 40.0 64.1 96.2 97.6
M23 2 4 45.9 85.8 63.5 67.4 77.2 80.6 65.8
M24 2 5 80.5 98.7 92.4 72.6 96.2 56.4 86.4
M25 2 6 62.1 47.6 42.3 50.0 51.3 48.4 84.4
M26 2 7 90.7 88.8 68.4 51.3 66.5 92.2 88.0
M27 2 8 41.9 68.4 81.7 45.1 83.0 65.4 69.3
M28 2 9 76.0 55.2 93.6 93.5 81.2 56.6 40.6
M29 2 10 80.0 88.3 64.9 49.6 85.7 67.3 48.5
M30 2 11 86.6 89.6 80.4 44.4 53.7 66.1 41.8
M31 2 12 97.7 47.9 72.8 68.9 58.7 41.5 53.0
M32 2 13 96.8 53.7 83.8 78.6 86.8 94.1 81.5
M33 2 14 74.2 56.9 55.2 52.1 93.6 43.7 50.2
M34 2 15 56.6 71.4 50.2 79.3 98.4 44.8 97.1
M35 2 16 75.0 89.9 59.4 75.2 51.0 59.1 89.8
M36 2 17 70.0 71.6 63.8 43.0 46.4 72.3 58.3
M37 2 18 66.1 83.9 93.0 61.7 83.7 88.6 81.9
M38 2 19 54.4 86.7 51.1 83.9 69.5 90.2 53.1
M39 3 1 74.3 97.8 61.1 50.3 81.2 60.9 46.6
M40 3 2 82.4 42.3 68.3 96.0 99.2 44.3 77.9
M41 3 3 76.5 79.9 54.7 81.1 56.2 61.5 57.3
M42 3 4 42.8 79.0 98.4 52.5 92.5 77.0 84.4
M43 3 5 50.3 98.6 54.3 81.0 74.9 56.2 75.1
M44 3 6 70.3 89.6 67.4 66.4 98.3 83.6 97.3
M45 3 7 95.7 65.4 82.3 43.4 87.2 66.6 93.0
M46 3 8 44.5 58.0 90.2 68.1 68.3 81.5 71.2
M47 3 9 69.9 42.9 96.0 87.3 56.4 91.0 93.6
M48 3 10 72.7 51.2 52.9 54.0 86.7 47.3 88.9
M49 3 11 50.0 92.0 43.0 51.8 45.5 85.8 48.6
M50 3 12 79.7 81.9 63.6 54.2 43.4 64.0 48.1
M51 3 13 62.9 62.8 87.1 76.8 76.8 64.6 86.6
M52 3 14 44.0 89.7 67.8 97.2 61.9 95.4 46.1
M53 3 15 65.3 95.1 95.0 82.0 89.8 99.8 49.1
M54 3 16 91.7 49.8 85.3 90.6 62.8 85.2 47.7
M55 3 17 67.0 79.1 77.0 61.8 51.0 77.0 68.9
M56 3 18 46.9 51.4 75.3 86.1 41.5 46.1 93.0
M57 3 19 97.1 84.2 91.6 77.1 79.4 96.2 44.0
M58 4 1 41.1 76.6 82.7 61.6 42.8 63.7 67.5
M59 4 2 70.2 90.3 67.9 86.3 55.7 80.2 89.0
M60 4 3 90.5 82.5 86.9 86.5 66.3 60.8 43.3
M61 4 4 65.2 76.4 89.8 91.1 45.6 64.4 99.4
M62 4 5 94.1 74.5 69.8 42.5 65.2 84.7 42.6
M63 4 6 82.7 78.3 58.8 78.3 96.3 41.5 77.4
M64 4 7 40.4 49.1 94.4 50.5 65.1 42.9 44.7
M65 4 8 92.3 50.6 70.1 78.7 93.9 42.7 70.8
M66 4 9 53.6 80.2 95.8 46.3 82.9 77.4 83.6
M67 4 10 75.3 87.9 52.7 77.1 42.5 40.8 85.1
M68 4 11 71.1 54.4 50.9 87.9 87.3 78.5 45.7
M69 4 12 71.7 87.6 94.6 70.3 69.1 84.6 46.7
M70 4 13 46.9 84.6 77.0 43.2 64.2 88.2 70.5
M71 4 14 55.7 53.7 61.3 47.0 91.8 88.3 50.2
M72 4 15 93.2 99.3 41.4 94.8 67.5 89.4 58.5
M73 4 16 58.3 95.1 64.3 59.1 67.0 84.9 47.2
M74 4 17 69.7 57.1 70.8 89.6 59.0 82.6 89.8
M75 4 18 47.8 95.1 75.7 84.7 64.4 93.7 69.1
M76 4 19 74.2 78.2 96.8 62.2 70.3 62.6 42.7
M77 5 1 89.1 42.4 79.2 99.5 75.1 77.5 65.1
M78 5 2 74.8 95.8 58.7 59.1 51.4 46.4 74.9
M79 5 3 62.1 94.4 66.1 63.7 67.0 66.9 57.0
M80 5 4 88.8 93.2 99.7 78.6 82.0 52.5 73.9
M81 5 5 71.5 62.2 98.9 40.0 68.1 56.2 95.9
M82 5 6 51.6 40.4 49.9 75.9 97.5 82.9 67.4
M83 5 7 89.3 75.2 85.4 53.6 90.8 46.8 92.3
M84 5 8 83.1 53.2 85.1 61.1 65.6 74.7 64.3
M85 5 9 45.2 63.3 85.9 95.6 55.0 99.2 93.3
M86 5 10 61.6 62.5 72.8 78.7 89.6 53.8 60.6
M87 5 11 89.4 75.4 90.3 95.0 45.4 55.8 66.5
M88 5 12 63.5 55.6 42.8 84.6 95.7 55.8 53.0
M89 5 13 90.1 65.7 96.7 64.7 81.3 82.5 57.4
M90 5 14 89.3 88.3 81.7 63.0 82.5 43.2 64.6
M91 5 15 75.7 56.4 67.8 43.5 64.7 43.5 65.5
M92 5 16 43.4 73.9 98.0 78.1 99.1 88.4 50.3
M93 5 17 45.2 58.0 81.8 56.4 82.7 54.3 53.9
M94 5 18 91.6 47.3 90.6 50.1 68.3 95.4 87.5
M95 5 19 96.1 70.1 45.7 99.1 42.9 90.7 55.8
M96 6 1 92.2 70.8 40.5 70.2 96.0 80.9 80.3
M97 6 2 69.5 46.4 98.8 87.9 67.8 96.7 92.1
M98 6 3 57.7 77.9 80.8 43.5 82.2 65.1 66.9
M99 6 4 52.7 70.2 99.0 64.4 78.0 88.9 84.8
M100 6 5 85.7 68.6 47.2 75.9 91.8 60.6 78.4
M101 6 6 93.1 62.7 57.6 41.4 52.7 80.5 70.0
M102 6 7 55.7 76.3 78.1 93.9 58.5 63.7 67.2
M103 6 8 95.7 89.4 57.2 62.6 80.1 53.3 76.4
M104 6 9 80.7 70.9 61.8 62.0 65.2 69.2 46.6
M105 6 10 64.1 54.0 99.3 47.9 56.1 94.8 45.5
M106 6 11 81.7 97.2 62.4 65.8 65.8 89.6 91.0
M107 6 12 72.6 47.4 87.7 58.9 57.8 80.2 56.2
M108 6 13 59.1 54.2 94.8 77.2 47.2 93.7 43.4
M109 6 14 43.9 49.0 53.1 92.7 51.2 73.6 54.7
M110 6 15 92.5 41.5 77.1 82.9 66.4 86.8 94.8
M111 6 16 57.9 83.0 49.2 68.6 49.5 64.3 42.5
M112 6 17 85.4 63.1 85.0 68.4 76.0 49.7 57.5
M113 6 18 79.4 58.8 83.2 68.8 98.1 59.8 60.7
M114 6 19 57.9 49.4 96.3 89.6 70.7 43.9 90.8
M115 7 1 65.7 57.1 66.4 55.5 87.8 75.1 77.2
M116 7 2 82.3 85.7 86.7 45.8 74.7 70.4 58.8
M117 7 3 87.5 47.6 55.7 63.3 92.2 68.8 75.2
M118 7 4 85.1 66.9 79.9 88.3 64.7 54.3 50.9
M119 7 5 65.9 48.1 64.9 81.1 94.7 87.9 97.0
M120 7 6 91.5 46.1 81.3 40.2 75.7 61.0 98.4
M121 7 7 92.1 82.1 47.6 99.1 59.5 72.8 61.2
M122 7 8 46.9 48.8 66.5 91.0 91.7 71.0 78.3
M123 7 9 95.0 77.9 57.8 92.8 81.7 88.5 59.7
M124 7 10 43.1 63.3 44.9 97.6 50.8 45.2 52.4
M125 7 11 66.6 68.9 87.9 64.9 90.3 55.7 75.1
M126 7 12 50.2 68.0 81.1 61.1 91.0 63.6 46.2
M127 7 13 76.9 63.7 91.4 79.1 95.5 40.1 59.4
M128 7 14 56.6 44.4 61.7 60.9 45.8 46.1 88.5
M129 7 15 54.5 67.1 97.0 71.1 46.0 85.8 80.1
M130 7 16 99.2 84.6 80.6 80.2 61.5 49.6 64.8
M131 7 17 92.6 93.6 100.0 61.8 65.8 58.8 86.8
M132 7 18 91.1 92.7 67.4 91.3 69.7 66.5 41.8
M133 7 19 68.1 57.5 96.1 46.9 84.3 62.7 84.3
M134 8 1 67.2 78.2 56.3 45.7 70.7 86.1 90.1
M135 8 2 77.8 58.9 53.1 75.1 80.7 58.7 94.7
M136 8 3 88.7 94.4 41.6 93.1 60.7 68.6 74.3
M137 8 4 84.8 98.3 69.3 83.1 88.3 49.5 92.9
M138 8 5 57.6 75.3 89.1 92.5 65.5 52.5 67.2
M139 8 6 46.6 84.1 93.2 50.7 60.9 55.5 69.7
M140 8 7 84.4 61.9 89.4 42.9 91.2 93.1 59.2
M141 8 8 59.5 47.5 40.9 68.6 64.7 50.1 70.2
M142 8 9 86.7 59.1 97.7 51.0 61.0 93.6 41.2
M143 8 10 69.8 58.4 50.6 77.6 57.4 94.8 62.9
M144 8 11 76.6 43.0 54.9 93.2 64.1 76.9 42.0
M145 8 12 46.3 40.7 43.8 81.7 99.2 68.1 68.5
M146 8 13 91.5 43.4 49.2 61.4 63.9 63.0 53.0
M147 8 14 74.0 40.2 68.0 87.7 42.1 59.1 75.5
M148 8 15 93.7 74.9 50.8 98.0 44.2 46.3 47.6
M149 8 16 57.1 49.9 55.9 51.5 46.5 71.0 49.9
M150 8 17 59.4 91.3 66.9 40.8 71.0 99.3 63.5
M151 8 18 56.4 90.8 41.7 68.6 91.2 69.1 63.8
M152 8 19 67.5 41.4 90.2 40.8 92.5 69.0 75.2
M153 9 1 49.1 49.5 73.9 71.5 90.8 72.8 87.7
M154 9 2 77.0 94.9 65.9 58.2 87.9 78.6 64.1
M155 9 3 83.2 59.6 61.4 57.7 82.2 97.2 86.2
M156 9 4 48.8 80.3 45.6 92.8 53.2 66.4 55.0
M157 9 5 55.4 53.2 86.2 59.3 89.2 90.1 70.9
M158 9 6 51.1 42.0 89.9 60.7 75.1 84.5 47.2
M159 9 7 42.7 44.0 60.8 55.0 69.0 53.1 83.5
M160 9 8 80.1 85.2 58.1 43.5 82.5 43.1 83.1
M161 9 9 58.7 90.3 51.3 49.8 99.6 54.4 72.9
M162 9 10 68.1 77.5 88.8 49.9 84.3 93.0 46.0
M163 9 11 88.5 96.5 62.1 75.4 63.5 72.1 53.8
M164 9 12 67.3 47.3 43.4 84.3 52.4 54.0 87.4
M165 9 13 58.9 68.8 67.3 62.5 86.0 96.0 83.9
M166 9 14 84.0 67.0 41.3 68.8 58.2 43.0 80.5
M167 9 15 52.5 53.7 46.7 60.4 95.3 69.6 80.3
M168 9 16 44.3 83.6 92.0 77.3 49.6 91.8 99.6
M169 9 17 63.7 41.7 65.6 97.9 89.6 84.3 97.9
M170 9 18 94.4 81.1 89.0 65.4 91.4 48.9 97.8
M171 9 19 60.1 98.0 87.3 55.4 98.1 75.4 67.3
M172 10 1 74.8 89.2 64.0 78.2 71.4 81.0 46.5
M173 10 2 82.6 53.4 93.8 72.5 54.6 46.2 97.5
M174 10 3 78.8 55.6 98.5 42.7 74.5 97.2 88.9
M175 10 4 54.7 93.7 88.4 70.7 54.3 57.3 68.3
M176 10 5 48.1 59.3 90.1 83.1 40.9 93.4 85.8
M177 10 6 75.5 75.6 40.1 59.2 81.1 40.7 43.0
M178 10 7 41.0 85.6 71.3 91.0 60.9 45.2 68.7
M179 10 8 57.9 74.7 62.4 99.2 83.9 49.8 74.9
M180 10 9 97.2 77.8 49.7 42.1 55.8 95.5 93.1
M181 10 10 95.7 73.9 60.7 71.9 73.4 65.8 89.8
M182 10 11 70.8 50.9 44.8 66.3 41.1 51.8 46.5
M183 10 12 51.7 50.2 54.7 97.9 67.7 41.3 68.4
M184 10 13 66.0 98.7 93.5 54.1 92.1 82.0 69.4
M185 10 14 63.9 45.5 42.3 56.1 88.9 89.8 74.2
M186 10 15 71.0 77.2 92.9 60.4 71.4 88.4 43.4
M187 10 16 66.5 96.9 67.0 84.8 94.8 88.7 97.8
M188 10 17 75.2 78.4 47.3 55.8 90.3 61.5 49.0
M189 10 18 45.6 67.3 59.6 80.6 82.9 56.3 50.6
M190 10 19 64.8 71.6 70.1 45.9 96.6 77.9 96.9
M191 11 1 45.5 52.9 63.2 95.8 89.2 57.9 94.9
M192 11 2 86.7 98.4 50.9 76.1 51.6 67.7 65.9
M193 11 3 93.7 81.5 40.7 93.8 84.8 86.0 59.0
M194 11 4 67.2 87.6 56.0 87.9 52.9 91.7 40.6
M195 11 5 92.7 46.5 51.0 85.9 45.5 96.4 61.7
M196 11 6 51.7 82.1 75.6 77.2 50.8 76.7 69.2
M197 11 7 77.9 94.8 77.2 60.1 61.2 42.4 47.3
M198 11 8 41.9 71.6 89.9 58.8 47.4 89.3 67.6
M199 11 9 40.0 50.0 98.2 58.3 90.1 51.4 50.0
M200 11 10 72.9 52.0 40.8 49.4 57.6 90.8 88.6
M201 11 11 67.4 95.0 41.0 54.2 47.5 48.2 81.8
M202 11 12 40.6 79.7 44.3 68.5 50.9 62.2 52.3
M203 11 13 43.9 93.9 93.1 46.5 59.7 50.0 65.7
M204 11 14 85.7 76.4 86.5 89.6 87.5 90.3 75.2
M205 11 15 71.0 65.7 92.9 44.7 57.1 51.8 68.1
M206 11 16 63.6 91.1 98.8 55.7 63.9 53.9 99.5
M207 11 17 96.3 89.8 42.1 45.6 40.9 85.4 62.6

H1 1 1 81.0 56.0 82.4 43.3 93.4 46.8 45.9 64.1
H2 1 2 44.0 96.9 76.9 65.7 53.1 76.9 64.7 44.7
H3 1 3 76.6 78.7 68.0 73.8 96.6 83.2 59.5 54.3
H4 1 4 95.2 73.9 76.0 58.9 76.0 47.1 99.6 74.8
H5 1 5 43.8 66.9 40.2 40.0 50.7 41.2 43.6 66.2
H6 1 6 49.8 98.4 92.2 79.4 45.7 55.8 98.1 72.7
H7 1 7 58.9 77.9 69.7 66.4 52.5 96.3 62.5 45.3
H8 1 8 92.6 49.9 92.4 45.5 60.1 80.8 77.5 73.0
H9 1 9 63.2 94.8 49.0 50.7 91.7 42.5 55.2 93.3
H10 1 10 85.5 71.1 44.4 57.1 84.2 67.0 55.3 70.2
H11 1 11 89.1 60.3 90.5 80.0 48.0 71.2 68.0 89.4
H12 1 12 91.5 71.0 44.0 91.2 79.2 84.5 65.9 89.1
H13 1 13 61.0 59.5 61.6 62.7 60.2 60.1 64.5 86.1
H14 1 14 64.3 68.1 59.7 78.8 48.7 41.4 52.1 84.3
H15 1 15 96.9 84.8 71.3 55.3 85.5 41.2 86.2 70.7
H16 1 16 52.7 95.8 83.8 50.7 46.8 85.4 62.6 94.4
H17 1 17 83.8 69.3 90.6 51.5 45.2 64.6 93.1 96.9
H18 1 18 52.9 63.5 98.6 99.8 43.5 72.5 58.6 59.1
H19 1 19 42.7 90.8 53.8 71.7 98.0 75.6 84.5 58.1
H20 1 20 73.9 70.3 64.8 45.9 84.2 43.8 67.1 52.6
H21 2 1 53.3 78.4 94.5 40.9 53.6 74.4 45.2 60.7
H22 2 2 52.3 74.0 68.0 64.0 63.2 40.4 68.9 82.8
H23 2 3 58.9 46.0 78.2 71.2 61.9 40.5 91.7 83.4
H24 2 4 61.4 44.1 91.5 99.5 87.6 98.3 91.7 62.7
H25 2 5 98.7 65.5 81.7 86.3 59.6 82.6 85.7 96.0
H26 2 6 57.9 59.8 69.9 72.6 71.2 91.4 45.6 91.1
H27 2 7 56.4 76.4 56.1 66.9 46.6 94.6 57.6 74.6
H28 2 8 77.6 42.4 56.8 87.6 61.7 75.1 97.6 99.9
H29 2 9 97.4 91.2 75.0 92.3 59.9 65.8 80.4 94.5
H30 2 10 47.7 87.1 52.6 83.9 42.7 58.6 75.8 77.9
H31 2 11 53.5 91.8 96.4 90.3 81.9 82.8 73.9 41.1
H32 2 12 46.9 49.9 97.2 68.8 41.4 73.7 75.9 54.0
H33 2 13 45.0 78.7 74.3 79.3 60.4 46.8 84.6 72.2
H34 2 14 73.9 74.8 80.4 76.1 75.4 67.4 59.9 78.1
H35 2 15 59.8 55.3 75.3 78.8 60.8 79.3 65.8 76.6
H36 2 16 90.5 41.5 75.9 81.8 43.6 56.7 46.1 83.7
H37 2 17 79.5 77.5 78.4 100.0 76.0 98.2 91.9 72.6
H38 2 18 65.6 41.7 59.7 94.5 48.8 94.3 77.5 70.0
H39 2 19 94.5 83.0 60.5 56.2 48.4 54.7 44.8 45.9
H40 2 20 41.2 70.5 52.9 48.5 61.4 46.9 53.0 50.0
H41 3 1 74.3 80.6 62.5 97.2 77.1 88.6 96.8 88.0
H42 3 2 82.0 69.4 86.9 77.9 66.8 63.8 46.2 58.2
H43 3 3 58.8 86.9 48.7 78.2 98.8 58.4 66.3 50.6
H44 3 4 98.9 79.9 43.1 63.1 84.0 71.5 80.3 53.6
H45 3 5 40.9 92.2 82.1 60.8 55.7 55.3 94.1 77.4
H46 3 6 64.3 57.0 75.1 60.3 40.9 84.0 65.0 66.4
H47 3 7 90.2 95.1 100.0 65.5 82.0 96.7 95.8 76.3
H48 3 8 99.3 51.1 74.8 79.2 73.4 57.0 63.7 99.8
H49 3 9 79.9 55.6 71.9 92.8 96.9 74.9 81.4 42.9
H50 3 10 77.5 88.9 57.6 55.6 59.1 96.7 81.1 62.2
H51 3 11 76.8 69.4 90.3 47.2 94.1 57.4 88.0 80.5
H52 3 12 97.0 66.8 45.2 96.4 43.0 71.9 66.0 69.2
H53 3 13 99.3 69.5 91.0 74.3 95.9 41.2 49.0 85.5
H54 3 14 96.7 50.5 43.3 47.9 65.5 75.7 68.9 93.9
H55 3 15 58.1 44.5 46.1 63.7 68.8 58.4 94.8 41.6
H56 3 16 63.8 74.7 58.0 48.9 56.5 48.6 77.1 73.7
H57 3 17 89.6 84.4 75.3 94.4 93.0 59.8 95.6 87.6
H58 3 18 55.9 78.4 82.0 93.5 52.1 91.6 56.0 74.3
H59 3 19 77.0 99.0 51.1 80.2 47.1 90.8 65.0 77.2
H60 3 20 43.9 57.0 84.1 76.6 49.9 74.1 52.8 82.3
H61 4 1 79.2 45.3 96.4 44.6 40.5 69.0 56.0 97.4
H62 4 2 66.0 68.5 68.4 86.6 80.0 78.5 41.5 41.3
H63 4 3 44.4 65.4 83.3 69.4 48.4 63.3 65.0 88.7
H64 4 4 85.2 89.4 59.0 72.5 45.0 53.3 56.2 86.5
H65 4 5 75.7 49.5 77.6 79.2 45.9 52.3 40.9 53.9
H66 4 6 81.5 43.6 42.0 80.0 91.3 92.4 96.3 47.6
H67 4 7 50.7 85.6 42.5 87.7 61.9 75.0 61.8 43.9
H68 4 8 96.6 50.6 88.4 56.6 99.6 76.2 75.2 92.2
H69 4 9 41.3 96.6 80.2 83.2 93.0 43.0 63.8 42.7
H70 4 10 74.6 97.1 71.9 98.4 43.7 55.6 49.8 47.4
H71 4 11 81.0 73.1 56.9 65.3 42.9 90.0 66.0 73.7
H72 4 12 53.0 45.2 63.5 73.8 62.3 53.1 89.4 70.7
H73 4 13 74.0 66.6 97.3 70.2 82.3 63.2 47.1 44.3
H74 4 14 78.1 73.2 41.2 86.3 63.5 75.0 44.9 86.5
H75 4 15 51.2 83.1 41.1 79.0 40.8 81.0 58.0 62.9
H76 4 16 77.6 81.6 86.6 87.8 94.0 54.0 63.3 64.1
H77 4 17 49.0 87.2 67.2 70.6 94.1 85.3 41.7 41.3
H78 4 18 49.7 92.2 83.0 48.2 83.3 82.2 69.0 53.3
H79 4 19 59.2 98.5 71.6 98.6 73.1 62.7 93.1 62.5
H80 4 20 96.7 74.3 79.8 87.0 88.8 57.7 50.6 95.0
H81 5 1 70.4 64.3 53.5 82.0 74.6 63.1 93.1 73.4
H82 5 2 97.7 95.1 45.2 70.8 89.9 72.2 64.7 76.8
H83 5 3 57.4 85.1 89.5 84.0 85.9 58.8 41.7 69.2
H84 5 4 46.1 89.3 42.7 48.8 92.2 77.2 65.4 75.7
H85 5 5 98.3 55.0 40.3 52.5 77.1 88.0 96.4 44.9
H86 5 6 92.2 80.7 56.5 83.0 99.5 84.8 63.7 92.6
H87 5 7 45.2 99.6 42.6 41.1 49.5 86.5 95.1 48.6
H88 5 8 49.5 74.3 68.6 65.8 96.4 97.1 96.6 92.0
H89 5 9 53.2 46.0 98.7 66.8 64.6 46.4 52.7 96.2
H90 5 10 42.6 54.6 93.7 72.1 61.6 98.2 44.7 96.4
H91 5 11 87.6 47.1 83.8 69.5 71.4 94.0 53.4 61.3
H92 5 12 53.6 80.8 76.6 88.1 57.4 63.0 54.9 68.2
H93 5 13 77.9 55.5 63.2 89.9 55.2 76.2 44.8 59.3
H94 5 14 96.5 45.2 63.9 47.0 69.0 52.0 53.9 46.8
H95 5 15 56.6 98.0 58.8 90.5 58.7 86.9 69.1 97.3
H96 5 16 49.9 90.7 40.5 52.6 50.0 54.1 87.8 80.6
H97 5 17 74.4 87.3 71.2 82.0 41.0 90.2 74.0 49.8
H98 5 18 77.4 94.2 71.4 76.4 75.1 95.9 89.4 62.5
H99 5 19 86.6 51.6 47.9 96.1 45.0 73.6 64.8 52.2
H100 5 20 70.6 80.8 75.8 80.1 95.9 69.0 69.8 53.4
H101 6 1 71.2 87.8 44.1 84.9 71.7 69.4 88.0 67.3
H102 6 2 44.4 79.5 59.6 93.5 76.4 72.6 49.2 81.7
H103 6 3 79.9 51.5 76.5 94.2 91.4 74.0 53.2 78.1
H104 6 4 54.7 62.5 98.7 61.2 50.0 63.1 76.0 97.2
H105 6 5 85.7 80.0 78.8 73.1 51.9 50.2 91.4 72.4
H106 6 6 94.6 95.7 83.7 95.4 63.2 47.3 55.0 74.9
H107 6 7 59.2 64.1 67.5 43.1 68.0 94.5 60.0 56.0
H108 6 8 91.2 58.8 75.8 47.3 79.8 64.8 70.8 75.9
H109 6 9 82.6 91.3 54.3 77.5 98.0 65.0 98.4 64.1
H110 6 10 56.9 83.9 98.0 43.3 94.7 89.4 90.9 78.3
H111 6 11 71.4 79.6 69.3 61.7 41.4 77.0 83.2 80.7
H112 6 12 93.2 49.7 60.2 64.2 85.9 42.9 44.5 73.2
H113 6 13 68.7 58.7 76.5 53.3 66.7 69.3 55.8 70.2
H114 6 14 41.1 46.7 41.5 45.3 73.6 43.1 84.2 85.9
H115 6 15 72.2 59.1 65.5 46.9 84.3 66.5 72.6 93.7
H116 6 16 72.2 92.1 55.1 89.5 68.4 45.4 97.4 81.8
H117 6 17 62.7 56.8 91.2 90.1 75.2 65.4 61.8 97.6
H118 6 18 87.2 55.5 77.7 56.2 80.2 44.2 74.4 98.6
H119 6 19 56.4 44.6 82.5 66.1 97.3 63.6 62.9 75.3
H120 6 20 40.2 82.4 51.3 96.7 70.4 92.2 80.9 44.5
H121 7 1 55.7 58.4 48.1 76.1 91.1 40.0 41.6 56.1
H122 7 2 45.7 75.5 42.9 52.2 85.2 40.6 60.8 77.5
H123 7 3 89.7 44.4 91.9 94.5 58.4 93.8 80.8 50.9
H124 7 4 87.2 94.5 47.9 75.6 54.4 62.3 41.9 98.5
H125 7 5 56.4 83.4 86.4 70.4 78.3 91.8 94.9 89.7
H126 7 6 72.7 73.5 68.1 81.4 51.1 75.2 48.4 40.9
H127 7 7 99.8 49.5 94.3 87.8 73.7 48.6 56.8 83.4
H128 7 8 65.5 67.5 40.2 84.6 54.4 59.8 52.9 77.8
H129 7 9 41.2 66.2 56.3 82.9 45.7 96.8 82.3 45.4
H130 7 10 63.6 61.8 55.5 67.2 40.8 80.9 83.1 69.1
H131 7 11 51.1 97.2 88.3 40.9 44.5 94.0 94.1 45.4
H132 7 12 57.5 97.7 86.2 51.6 90.4 86.3 65.5 77.2
H133 7 13 89.7 67.3 76.2 88.3 53.1 99.2 61.7 43.0
H134 7 14 78.4 96.2 95.5 73.8 80.6 86.6 96.2 78.0
H135 7 15 93.0 48.4 55.0 73.4 95.0 50.0 87.2 58.9
H136 7 16 72.3 64.1 70.6 72.4 79.2 40.1 76.3 82.3
H137 7 17 62.7 48.6 85.3 97.9 66.0 90.5 86.7 76.8
H138 7 18 86.5 90.0 73.6 81.9 74.4 73.0 60.0 59.7
H139 7 19 57.5 84.3 97.2 85.6 81.4 64.1 62.2 58.1
H140 7 20 50.2 96.7 81.8 45.0 50.4 70.7 46.6 75.8
H141 8 1 76.1 52.6 52.9 46.8 99.3 74.5 62.9 54.7
H142 8 2 46.4 85.3 83.5 93.6 96.5 44.4 50.1 78.6
H143 8 3 58.8 61.2 44.0 71.1 43.1 60.0 82.8 76.7
H144 8 4 74.4 95.7 78.9 50.0 72.5 76.0 75.6 43.5
H145 8 5 58.4 47.5 40.4 88.6 78.9 99.7 95.0 72.6
H146 8 6 60.3 50.2 62.5 52.1 92.2 75.9 57.0 50.5
H147 8 7 56.3 54.8 95.1 47.6 55.3 93.5 96.1 62.5
H148 8 8 84.0 44.7 98.4 84.0 40.0 81.7 78.7 67.9
H149 8 9 41.0 78.7 71.8 95.5 54.3 58.7 55.9 66.4
H150 8 10 97.1 45.7 66.7 76.3 43.8 86.0 55.8 67.1
H151 8 11 78.1 50.4 74.6 49.0 76.0 40.5 66.7 88.4
H152 8 12 88.8 82.2 91.4 48.3 59.0 72.7 64.1 98.9
H153 8 13 67.5 71.9 54.0 54.7 60.4 49.7 94.4 94.9
H154 8 14 57.9 54.8 76.7 67.9 64.8 75.1 94.9 88.5
H155 8 15 76.2 42.4 79.7 65.8 67.1 56.4 69.7 74.8
H156 8 16 94.8 78.8 50.3 89.2 91.5 89.3 72.4 87.7
H157 8 17 41.1 65.7 68.3 69.9 80.4 50.5 74.0 56.5
H158 8 18 56.1 84.2 41.5 55.7 98.6 42.8 63.4 88.6
H159 8 19 58.2 60.9 80.3 96.2 77.2 95.5 84.0 91.5
H160 8 20 69.6 57.7 96.4 80.2 68.6 44.8 86.9 63.9
H161 9 1 58.3 79.5 72.1 59.4 88.2 69.5 58.5 69.7
H162 9 2 98.9 95.5 46.3 52.8 46.8 92.2 97.1 47.2
H163 9 3 54.3 52.8 69.8 91.6 91.5 75.1 43.5 41.4
H164 9 4 96.5 65.9 51.0 78.0 77.9 97.3 63.3 86.2
H165 9 5 75.7 52.9 60.0 70.5 98.6 60.8 99.4 54.8
H166 9 6 84.8 90.6 60.4 81.6 55.8 77.8 86.1 96.1
H167 9 7 61.3 81.9 77.4 79.6 64.6 82.9 72.0 52.6
H168 9 8 47.6 69.2 88.2 49.3 60.5 48.1 43.0 79.2
H169 9 9 77.8 83.3 43.9 73.1 68.0 42.8 40.7 55.1
H170 9 10 79.2 44.2 58.1 75.4 88.4 60.7 78.5 76.7
H171 9 11 69.4 78.9 49.8 89.3 70.2 40.6 64.3 80.9
H172 9 12 53.6 83.3 79.8 71.8 81.5 67.4 81.1 91.2
H173 9 13 87.8 49.6 78.9 88.2 42.8 75.5 90.8 92.0
H174 9 14 63.1 71.4 84.9 72.2 46.3 99.9 56.5 67.3
H175 9 15 44.3 96.0 58.6 90.5 92.0 53.0 96.1 52.7
H176 9 16 100.0 57.0 99.1 91.1 85.7 84.1 46.3 96.2
H177 9 17 47.2 69.8 48.4 64.0 84.5 60.1 56.3 80.0
H178 9 18 58.6 97.3 55.0 42.9 54.0 61.7 86.8 65.3
H179 9 19 50.8 93.3 86.3 57.0 82.2 50.0 80.2 52.9
H180 9 20 71.9 54.4 42.9 41.1 93.8 56.2 52.7 48.9
H181 10 1 66.7 62.9 58.1 42.2 65.2 92.6 52.9 45.5
H182 10 2 41.7 66.9 98.7 58.0 98.5 51.9 58.5 87.3
H183 10 3 45.9 46.0 97.3 60.9 63.4 65.4 50.9 72.5
H184 10 4 83.6 77.4 48.5 74.8 63.1 49.6 40.6 70.9
H185 10 5 76.2 47.7 62.8 53.3 76.1 58.4 43.1 56.0
H186 10 6 75.4 98.5 92.6 44.2 80.9 80.8 93.7 69.7
H187 10 7 82.5 64.9 95.0 42.1 73.4 71.6 74.4 84.7
H188 10 8 50.2 89.0 74.6 65.5 71.9 77.6 56.9 64.4
H189 10 9 51.8 65.8 92.2 40.4 67.6 73.4 85.8 80.7
H190 10 10 74.0 87.6 90.8 78.3 63.1 77.9 41.3 90.2
H191 10 11 72.6 79.6 77.7 88.4 74.3 84.4 43.1 47.5
H192 10 12 72.5 42.3 81.0 62.0 72.1 45.7 95.7 94.6
H193 10 13 77.0 91.1 98.2 66.6 48.2 89.7 95.3 60.7
H194 10 14 72.1 63.0 48.5 46.2 79.4 75.7 78.8 50.5
H195 10 15 89.1 42.4 59.7 58.3 75.0 70.9 88.8 63.9
H196 10 16 64.0 97.6 65.9 73.6 66.5 68.2 48.0 84.1
H197 10 17 96.4 87.6 42.2 79.0 62.6 56.4 90.2 96.8
H198 10 18 61.3 55.1 48.1 85.0 54.4 67.3 45.7 86.6
H199 10 19 84.8 77.5 46.2 57.7 75.2 99.3 84.2 59.6
H200 10 20 83.3 88.6 50.2 46.4 64.8 52.3 83.2 60.7
H201 11 1 50.7 86.3 71.3 49.8 63.7 84.4 79.0 60.7
H202 11 2 82.1 41.5 95.5 77.7 69.2 92.4 56.4 48.7
H203 11 3 65.4 41.3 82.5 98.0 71.9 91.7 72.3 68.7
H204 11 4 97.9 99.0 91.8 72.5 98.2 62.3 67.9 84.1
H205 11 5 53.9 60.9 60.3 76.9 45.2 60.2 56.2 66.8
H206 11 6 75.2 90.4 97.3 88.7 68.5 67.5 47.6 66.0
H207 11 7 83.7 74.6 92.5 53.7 80.0 63.1 55.5 71.5
H208 11 8 68.3 60.5 59.6 60.4 66.5 71.2 40.8 75.4
H209 11 9 71.8 90.4 74.4 60.3 73.4 72.2 71.5 77.8
H210 11 10 93.1 50.6 42.9 69.5 86.7 44.3 98.7 91.0
H211 11 11 62.6 77.7 90.5 53.0 56.8 47.4 58.5 40.0
H212 11 12 41.1 63.0 95.9 91.7 83.6 89.3 47.2 73.8
H213 11 13 93.8 89.5 82.5 70.4 83.9 94.4 98.8 52.1
H214 11 14 74.9 91.4 72.3 58.5 94.4 69.4 73.9 78.4
H215 11 15 58.4 93.1 73.3 47.6 53.1 56.9 64.0 95.2
H216 11 16 49.2 73.8 50.6 76.7 94.2 61.5 83.8 43.3
H217 11 17 71.9 40.0 93.7 43.5 54.4 46.8 66.2 70.0
H218 11 18 91.3 57.1 51.4 53.4 73.9 99.6 55.3 45.2
H219 11 19 71.6 70.8 87.5 63.0 46.8 54.5 53.4 69.3
H220 11 20 64.2 99.4 64.9 86.4 76.3 56.9 71.5 54.3
H221 12 1 70.1 48.8 76.6 77.3 40.1 50.0 78.4 69.1
H222 12 2 89.1 80.5 91.6 89.8 50.3 52.9 84.5 53.9
H223 12 3 67.7 49.1 73.4 98.7 54.4 52.3 94.2 70.7
H224 12 4 98.9 90.9 99.5 62.1 80.1 77.7 44.8 87.2
H225 12 5 46.9 95.0 83.0 53.0 94.0 64.7 40.9 68.5
H226 12 6 72.6 83.6 88.4 74.0 46.1 44.6 91.4 99.4
H227 12 7 92.1 90.2 93.8 57.2 57.0 48.5 58.2 97.8
H228 12 8 53.7 87.6 63.8 65.3 47.1 73.9 58.9 47.9
H229 12 9 43.4 62.3 50.3 70.8 94.8 71.4 70.6 97.0
H230 12 10 43.7 50.6 81.3 98.2 47.2 76.9 60.6 53.3
H231 12 11 49.8 52.5 78.1 66.3 69.9 70.6 95.4 62.4
H232 12 12 82.0 76.1 48.8 77.7 53.0 57.3 88.5 41.7
H233 12 13 73.2 68.8 85.8 76.4 49.6 91.0 70.7 40.1
H234 12 14 46.7 51.4 94.9 56.4 67.7 45.5 48.4 67.4
H235 12 15 85.5 63.5 64.9 92.8 91.8 89.9 94.7 48.9
H236 12 16 43.4 49.2 75.3 59.7 97.5 91.4 62.8 79.5
H237 12 17 86.6 63.6 58.9 46.1 50.8 86.2 85.4 43.8
H238 12 18 70.1 96.0 68.3 56.1 41.9 87.0 70.4 76.9
H239 12 19 96.0 87.6 49.8 84.8 45.3 73.6 73.6 85.2
H240 12 20 42.6 79.1 58.2 42.6 50.6 49.5 74.3 82.1
H241 13 1 94.3 40.3 98.1 56.0 82.0 98.2 56.9 93.6
H242 13 2 78.3 89.6 61.4 71.4 49.2 43.4 56.3 95.0
H243 13 3 71.8 77.5 61.9 75.2 78.9 40.0 82.4 62.7
H244 13 4 57.5 58.1 58.2 67.0 46.1 89.1 65.6 87.1
H245 13 5 46.8 54.3 47.3 67.3 80.7 71.5 98.4 63.0
H246 13 6 99.9 86.3 71.7 78.7 71.4 53.5 64.2 49.7
H247 13 7 45.7 48.3 48.7 46.1 49.8 97.9 53.5 65.5
H248 13 8 55.4 96.7 74.3 81.9 67.5 48.2 50.0 86.3
H249 13 9 55.7 96.2 94.0 48.4 50.2 91.0 79.4 95.9
H250 13 10 74.8 48.7 44.6 43.5 61.6 48.6 96.8 47.9
H251 13 11 97.2 78.1 63.1 92.5 79.0 93.1 91.6 43.5
H252 13 12 87.0 97.5 71.6 93.3 61.4 55.3 41.7 90.2
H253 13 13 71.0 49.2 78.1 43.1 70.8 53.1 92.4 67.0
H254 13 14 58.5 96.6 53.7 76.2 96.6 44.0 43.9 47.9
H255 13 15 64.5 44.4 62.4 78.9 67.3 82.8 44.3 87.8
H256 13 16 61.9 90.1 92.9 84.6 63.3 87.1 40.6 99.2
H257 13 17 51.4 78.1 94.4 67.2 82.3 50.5 97.9 69.0
H258 13 18 49.1 63.6 56.5 41.1 46.0 60.3 63.7 86.6
H259 13 19 60.0 60.3 68.4 73.3 45.5 80.9 46.9 49.7
H260 13 20 78.2 92.0 92.7 78.5 95.1 80.2 79.2 78.1
H261 14 1 70.8 86.2 67.9 64.7 42.6 92.8 50.5 44.2
H262 14 2 50.9 66.1 68.3 47.7 46.7 65.1 65.7 46.4
H263 14 3 75.9 91.8 61.0 72.4 86.5 92.8 71.5 72.0
H264 14 4 79.4 95.3 51.7 88.6 75.0 67.0 60.5 63.2
H265 14 5 93.1 90.9 93.6 45.4 42.6 52.2 82.8 66.7
H266 14 6 42.8 83.9 88.9 68.6 60.4 65.8 48.9 89.5
H267 14 7 54.2 93.7 78.4 42.3 81.9 88.4 70.7 81.4
H268 14 8 62.0 46.7 74.5 67.7 65.0 89.7 93.2 60.5
H269 14 9 82.0 58.4 45.5 96.2 49.8 92.7 91.9 47.2
H270 14 10 68.5 62.3 59.0 69.8 75.0 58.2 59.9 59.2
H271 14 11 80.0 61.8 51.8 98.9 67.8 76.4 80.0 86.6
H272 14 12 51.9 83.5 66.6 69.2 90.1 80.6 93.4 56.8
H273 14 13 57.2 41.8 63.0 98.6 98.6 83.4 60.1 68.8
H274 14 14 54.0 40.0 69.0 56.0 68.5 100.0 98.9 96.0
H275 14 15 61.8 87.8 65.7 84.2 66.1 91.5 83.6 57.2
H276 14 16 99.4 54.2 86.8 41.4 65.3 52.3 60.9 46.0
H277 14 17 54.8 58.5 54.8 96.1 82.0 70.3 91.6 87.1
H278 14 18 69.8 88.3 69.2 49.3 95.6 93.2 64.0 54.8
H279 14 19 79.9 83.7 49.7 47.4 59.0 44.3 78.4 62.2
H280 14 20 90.3 89.1 84.0 51.4 62.6 84.0 95.2 51.4
H281 15 1 80.0 82.6 95.1 73.2 85.2 69.4 60.9 53.7
H282 15 2 94.9 95.7 95.4 45.9 52.8 72.9 84.1 54.6
H283 15 3 57.9 91.2 47.1 71.1 85.3 45.5 76.7 73.0
H284 15 4 98.2 49.0 83.2 90.5 68.7 71.1 54.9 90.7
H285 15 5 72.9 47.0 98.9 63.7 71.0 47.4 64.3 70.7
H286 15 6 97.0 58.5 56.5 41.0 92.6 73.5 88.1 88.1
H287 15 7 92.2 47.1 90.9 74.1 83.2 85.7 71.7 84.5
H288 15 8 59.6 88.0 94.0 59.1 90.8 61.9 55.8 74.2
H289 15 9 67.4 44.0 55.5 72.4 86.8 80.2 96.3 87.1
H290 15 10 63.2 52.0 92.7 67.0 73.4 75.2 86.0 85.7
H291 15 11 52.0 63.1 60.1 66.3 51.7 99.5 47.6 59.5
H292 15 12 57.8 43.6 60.9 83.2 82.1 80.4 65.7 46.3
H293 15 13 50.9 52.4 76.6 59.9 54.4 47.6 85.8 80.9
H294 15 14 84.3 81.8 53.3 77.5 84.0 40.9 64.3 71.6
H295 15 15 96.4 82.0 83.3 46.6 97.6 83.1 74.3 45.8
H296 15 16 60.6 59.7 84.9 76.0 89.7 41.0 47.7 99.7
H297 15 17 40.2 76.5 79.3 49.3 46.4 79.6 71.7 55.3
H298 15 18 48.5 80.7 82.1 57.4 56.9 84.4 55.3 71.1
H299 15 19 94.1 81.4 40.5 90.2 72.7 83.5 93.2 56.7
H300 15 20 64.2 79.9 51.8 95.6 98.2 65.3 75.4 72.5